double ml_sched_l0_dense_weights[19][16] = {
    {
        0.0708125, 0.000396453, 0.00929427, 0.0134242, -0.00678169, -0.484053, -0.00237402, 0.0293453, -3.34237, -0.0176546, -0.101929, 0.00233659, -0.00102633, 0.122454, 0.0413764, 0.0119785
    }, 
    {
        -0.116226, -4.23398, 0.103992, -0.384772, 0.00460627, 0.00395515, 0.00428353, -1.15099, -0.000990522, 0.0403285, 0.0752818, 0.0867554, 0.0107813, 0.00187112, 0.0059446, 0.0661686
    }, 
    {
        0.0284834, 0.00739355, -0.159428, 0.00546858, -0.00315792, 0.00378397, -0.00103554, 0.0058319, 0.00368427, 0.0545989, 0.0181178, -0.156359, 0.0219528, -0.122618, -1.17096, -0.820761
    }, 
    {
        0.532094, 0.0426715, -0.291581, -0.124784, 0.69843, 0.0365437, 1.25625, 0.077362, 0.0100761, -0.226845, 0.443273, 0.167679, 0.400432, -0.186986, 0.216805, 0.0181653
    }, 
    {
        0.0129117, -0.0652736, 0.0846305, -0.954274, -0.240066, 0.0529311, -1.03348, 0.155164, 0.0116075, 0.23066, -0.307773, -0.237319, -0.466038, -0.224042, 0.238248, -0.232901
    }, 
    {
        0.20799, -0.190628, -0.0472771, -0.0813577, 0.10917, 0.0814399, 0.00541993, 0.0859846, -0.000978387, 0.183877, 0.0829752, 0.137209, -0.00647237, 0.164556, 0.0922251, -0.158628
    }, 
    {
        0.106314, -0.504632, 0.691127, -0.0365432, -0.240019, -0.298657, 0.651224, -0.436884, -0.10547, 1.09493, 0.420373, 0.388394, -0.581752, 0.34283, 0.341163, 0.691651
    }, 
    {
        0.0133551, 0.179511, -0.560168, -0.0200976, 2.46079, 1.17029, -0.0342584, 0.367768, 0.561832, -1.7377, 0.356454, 0.592026, 2.0524, 0.0769735, 0.274439, -0.180844
    }, 
    {
        0.05407, 0.11693, -0.271636, -0.392659, 0.837223, 0.724944, -0.64991, 0.544436, 0.431111, -0.688949, 0.200731, 0.220181, 1.14384, -0.12212, 0.494773, -0.146735
    }, 
    {
        0.0842165, -0.371176, -0.0331443, 0.3686, 0.210433, 0.13567, -0.109694, 0.31423, 0.116355, 0.55081, 0.627814, 0.21312, 0.0135511, 0.0514864, 0.198831, 0.158404
    }, 
    {
        0.217094, -0.100369, 0.304937, 0.00171229, 0.098356, 0.0109962, 0.156275, 0.13349, -0.0100999, 0.482412, 0.215941, 0.336904, 0.0475168, 0.10976, 0.294554, 0.363004
    }, 
    {
        0.522019, -0.0266143, 0.147615, 0.413065, 0.0337618, -0.140692, 0.257587, 0.139934, -0.0750181, 0.657327, 0.178281, 0.104951, -0.237106, 0.308495, 0.0254672, 0.206467
    }, 
    {
        0.464551, -0.00787993, 0.202821, 0.392268, 0.00889681, -0.149243, 0.227647, 0.214175, -0.0700388, 0.685074, 0.149127, 0.0528653, -0.15801, 0.249437, 0.0611524, 0.177833
    }, 
    {
        0.485585, 0.00818039, 0.154542, 0.432975, 0.0133633, -0.113195, 0.22305, 0.220047, -0.156346, 0.708208, 0.196207, 0.0755926, -0.193362, 0.242244, 0.0979469, 0.202647
    }, 
    {
        0.392121, 0.146177, 0.0599547, 0.0868594, 0.316581, 0.36256, -0.417067, 0.766681, -0.0916442, -0.1293, -0.363696, 0.198239, 0.437807, 0.25766, 0.689345, 0.163078
    }, 
    {
        0.294138, 0.40933, -0.0301059, 0.259337, 0.131662, 0.109529, -0.172628, 0.294095, -0.0466824, 0.326763, 0.256724, -0.060562, 0.12121, 0.0540506, 0.12467, -0.055677
    }, 
    {
        0.484452, -0.0613597, 0.16847, 0.460031, 0.0764031, -0.202993, 0.276174, 0.203945, -0.0863336, 0.701607, 0.170535, 0.0752524, -0.242734, 0.275669, 0.0901479, 0.237039
    }, 
    {
        0.494377, -0.0405876, 0.173105, 0.42115, -0.00127575, -0.107343, 0.218441, 0.231245, -0.103065, 0.738806, 0.186644, 0.108702, -0.191345, 0.276418, 0.0772266, 0.204166
    }, 
    {
        0.5299, -0.0406923, 0.202676, 0.468743, 0.0274587, -0.197882, 0.234516, 0.139947, -0.067891, 0.689779, 0.148119, 0.0742217, -0.195413, 0.303379, 0.0814103, 0.21639
    }
};