double ml_sched_l3_dense_weights[16][6] = {
    {
        0.288595, 0.0908912, 0.170141, -1.23026, 0.110563, 0.142214
    }, 
    {
        -0.651975, 0.13417, 0.0935493, 0.00313001, 0.0316646, 0.0516059
    }, 
    {
        -0.0243173, 0.0141393, -0.014619, 0.00950469, 0.0145695, 0.0246321
    }, 
    {
        0.220068, -0.256903, -0.623797, 0.246023, 0.0904969, 0.185977
    }, 
    {
        -0.0426331, -0.00947706, -0.0527427, -0.044131, 0.0224709, 0.0377812
    }, 
    {
        0.0115633, -0.00893194, -0.0231915, 0.00405332, 0.0218701, -0.0345968
    }, 
    {
        0.172331, 0.252923, -0.15969, -0.127619, -0.471649, -0.219411
    }, 
    {
        -0.0112727, -0.408526, 0.0831448, 0.0251081, 0.0673835, -0.0186026
    }, 
    {
        0.0481612, 0.159632, 0.28384, -1.16146, 0.275265, 0.141201
    }, 
    {
        -0.0703591, 0.217007, -0.592076, 0.0817168, 0.156408, 0.168657
    }, 
    {
        -0.019754, -0.00345599, 0.0148016, -0.0214671, 0.0197199, -0.0415101
    }, 
    {
        0.126868, -0.399013, -0.202013, 0.222824, 0.0417005, 0.0669173
    }, 
    {
        -0.569367, -0.0702897, -0.0294858, 0.291162, 0.261738, 0.0393077
    }, 
    {
        -0.103504, 0.260043, -0.180089, -0.0232494, -0.0731004, -0.120432
    }, 
    {
        -0.0938147, -0.555048, 0.0361766, 0.120608, 0.130444, -0.00445028
    }, 
    {
        0.322525, 0.232487, 0.326577, -1.05526, -1.66056, -0.270248
    }
};