0.000000 0.000000
0.000000 0.000000
0.000000 0.000000
0.000000 0.000000
0.000000 0.000000
0.000000 0.000000
0.000000 0.000000
0.000000 0.000000
0.000000 0.000000
0.000000 0.000000
0.000000 0.000000
0.000000 0.000000
0.000000 0.000000
0.000000 0.000000
0.000000 0.000000
0.000000 0.000000
0.000000 0.000000
0.000000 0.000000
0.000000 0.000000
0.000000 0.000000
0.000000 0.000000
0.000000 0.000000
0.000000 0.000000
0.000000 0.000000
0.000000 0.000000
0.000000 0.000000
0.000000 0.000000
0.000000 0.000000
0.000000 0.000000
0.000000 0.000000
0.000000 0.000000
0.000000 0.000000
0.000000 0.000000
0.000000 0.000000
0.000000 0.000000
0.000000 0.000000
0.000000 0.000000
0.000000 0.000000
0.000000 0.000000
0.000000 0.000000
0.000000 0.000000
0.000000 0.000000
0.000000 0.000000
0.000000 0.000000
0.000000 0.000000
0.000000 0.000000
0.000000 0.000000
0.000000 0.000000
0.000000 0.000000
0.000000 0.000000
0.000000 0.000000
0.000000 0.000000
0.000000 0.000000
0.000000 0.000000
0.000000 0.000000
0.000000 0.000000
0.000000 0.000000
0.000000 0.000000
0.000000 0.000000
0.000000 0.000000
0.000000 0.000000
0.000000 0.000000
0.000000 0.000000
0.000000 0.000000
0.000000 0.000000
0.000000 0.000000
0.000000 0.000000
0.000000 0.000000
0.000000 0.000000
0.000000 0.000000
0.000000 0.000000
0.000000 0.000000
0.000000 0.000000
0.000000 0.000000
0.000000 0.000000
0.000000 0.000000
0.000000 0.000000
0.000000 0.000000
0.000000 0.000000
0.000000 0.000000
0.000000 0.000000
0.000000 0.000000
0.000000 0.000000
0.000000 0.000000
0.000000 0.000000
0.000000 0.000000
0.000000 0.000000
0.000000 0.000000
0.000000 0.000000
0.000000 0.000000
0.000000 0.000000
0.000000 0.000000
0.000000 0.000000
0.000000 0.000000
0.000000 0.000000
0.000000 0.000000
0.000000 0.000000
0.000000 0.000000
0.000000 0.000000
0.000000 0.000000
0.000000 0.000000
0.000000 0.000000
0.000000 0.000000
0.000000 0.000000
0.000000 0.000000
0.000000 0.000000
0.000000 0.000000
0.000000 0.000000
0.000000 0.000000
0.000000 0.000000
0.000000 0.000000
0.000000 0.000000
0.000000 0.000000
0.000000 0.000000
0.000000 0.000000
0.000000 0.000000
0.000000 0.000000
0.000000 0.000000
0.000000 0.000000
0.000000 0.000000
0.000000 0.000000
0.000000 0.000000
0.000000 0.000000
0.000000 0.000000
0.000000 0.000000
0.000000 0.000000
0.000000 0.000000
0.000000 0.000000
0.000000 0.000000
0.000000 0.000000
0.000000 0.000000
0.000000 0.000000
0.000000 0.000000
0.000000 0.000000
0.000000 0.000000
0.000000 0.000000
0.000000 0.000000
0.000000 0.000000
0.000000 0.000000
0.000000 0.000000
0.000000 0.000000
0.000000 0.000000
0.000000 0.000000
0.000000 0.000000
0.000000 0.000000
0.000000 0.000000
0.000000 0.000000
0.000000 0.000000
0.000000 0.000000
0.000000 0.000000
0.000000 0.000000
0.000000 0.000000
0.000000 0.000000
0.000000 0.000000
0.000000 0.000000
0.000000 0.000000
0.000000 0.000000
0.000000 0.000000
0.000000 0.000000
0.000000 0.000000
0.000000 0.000000
0.000000 0.000000
0.000000 0.000000
0.000000 0.000000
0.000000 0.000000
0.000000 0.000000
0.000000 0.000000
0.000000 0.000000
0.000000 0.000000
0.000000 0.000000
0.000000 0.000000
0.000000 0.000000
0.000000 0.000000
0.000000 0.000000
0.000000 0.000000
0.000000 0.000000
0.000000 0.000000
0.000000 0.000000
0.000000 0.000000
0.000000 0.000000
0.000000 0.000000
0.000000 0.000000
0.000000 0.000000
0.000000 0.000000
0.000000 0.000000
0.000000 0.000000
0.000000 0.000000
0.000000 0.000000
0.000000 0.000000
0.000000 0.000000
0.000000 0.000000
0.000000 0.000000
0.000000 0.000000
0.000000 0.000000
0.000000 0.000000
0.000000 0.000000
0.000000 0.000000
0.000000 0.000000
0.000000 0.000000
0.000000 0.000000
0.000000 0.000000
0.000000 0.000000
0.000000 0.000000
0.000000 0.000000
0.000000 0.000000
0.000000 0.000000
0.000000 0.000000
0.000000 0.000000
0.000000 0.000000
0.000000 0.000000
0.000000 0.000000
0.000000 0.000000
0.000000 0.000000
0.000000 0.000000
0.000000 0.000000
0.000000 0.000000
0.000000 0.000000
0.000000 0.000000
0.000000 0.000000
0.000000 0.000000
0.000000 0.000000
0.000000 0.000000
0.000000 0.000000
0.000000 0.000000
0.000000 0.000000
0.000000 0.000000
0.000000 0.000000
0.000000 0.000000
0.000000 0.000000
0.000000 0.000000
0.000000 0.000000
0.000000 0.000000
0.000000 0.000000
0.000000 0.000000
0.000000 0.000000
0.000000 0.000000
0.000000 0.000000
0.000000 0.000000
0.000000 0.000000
0.000000 0.000000
0.000000 0.000000
0.000000 0.000000
0.000000 0.000000
0.000000 0.000000
0.000000 0.000000
0.000000 0.000000
0.000000 0.000000
0.000000 0.000000
0.000000 0.000000
0.000000 0.000000
0.000000 0.000000
0.000000 0.000000
0.000000 0.000000
0.000000 0.000000
0.000000 0.000000
0.000000 0.000000
0.023000 0.023000
-0.132444 0.002340
-0.013473 -0.078525
0.142755 -0.012651
0.091998 0.000000
0.142755 -0.012651
-0.013473 -0.078525
-0.132444 0.002340
0.045999 0.045999
0.002340 -0.132444
-0.078525 -0.013473
-0.012651 0.142755
0.000000 0.091998
-0.012651 0.142755
-0.078525 -0.013473
0.002340 -0.132444
0.045999 0.045999
-0.132444 0.002340
-0.013473 -0.078525
0.142755 -0.012651
0.091998 0.000000
0.142755 -0.012651
-0.013473 -0.078525
-0.132444 0.002340
0.045999 0.045999
0.002340 -0.132444
-0.078525 -0.013473
-0.012651 0.142755
0.000000 0.091998
-0.012651 0.142755
-0.078525 -0.013473
0.002340 -0.132444
0.045999 0.045999
-0.132444 0.002340
-0.013473 -0.078525
0.142755 -0.012651
0.091998 0.000000
0.142755 -0.012651
-0.013473 -0.078525
-0.132444 0.002340
0.045999 0.045999
0.002340 -0.132444
-0.078525 -0.013473
-0.012651 0.142755
0.000000 0.091998
-0.012651 0.142755
-0.078525 -0.013473
0.002340 -0.132444
0.045999 0.045999
-0.132444 0.002340
-0.013473 -0.078525
0.142755 -0.012651
0.091998 0.000000
0.142755 -0.012651
-0.013473 -0.078525
-0.132444 0.002340
0.045999 0.045999
0.002340 -0.132444
-0.078525 -0.013473
-0.012651 0.142755
0.000000 0.091998
-0.012651 0.142755
-0.078525 -0.013473
0.002340 -0.132444
0.046000 0.046000
-0.132444 0.002340
-0.013473 -0.078525
0.142755 -0.012651
0.091998 0.000000
0.142755 -0.012651
-0.013473 -0.078525
-0.132444 0.002340
0.045999 0.045999
0.002340 -0.132444
-0.078525 -0.013473
-0.012651 0.142755
0.000000 0.091998
-0.012651 0.142755
-0.078525 -0.013473
0.002340 -0.132444
0.045999 0.045999
-0.132444 0.002340
-0.013473 -0.078525
0.142755 -0.012651
0.091998 0.000000
0.142755 -0.012651
-0.013473 -0.078525
-0.132444 0.002340
0.045999 0.045999
0.002340 -0.132444
-0.078525 -0.013473
-0.012651 0.142755
0.000000 0.091998
-0.012651 0.142755
-0.078525 -0.013473
0.002340 -0.132444
0.045999 0.045999
-0.132444 0.002340
-0.013473 -0.078525
0.142755 -0.012651
0.091998 0.000000
0.142755 -0.012651
-0.013473 -0.078525
-0.132444 0.002340
0.045999 0.045999
0.002340 -0.132444
-0.078525 -0.013473
-0.012651 0.142755
0.000000 0.091998
-0.012651 0.142755
-0.078525 -0.013473
0.002340 -0.132444
0.045999 0.045999
-0.132444 0.002340
-0.013473 -0.078525
0.142755 -0.012651
0.091998 0.000000
0.142755 -0.012651
-0.013473 -0.078525
-0.132444 0.002340
0.045999 0.045999
0.002340 -0.132444
-0.078525 -0.013473
-0.012651 0.142755
0.000000 0.091998
-0.012651 0.142755
-0.078525 -0.013473
0.002340 -0.132444
0.045999 0.045999
-0.132444 0.002340
-0.013473 -0.078525
0.142755 -0.012651
0.091998 0.000000
0.142755 -0.012651
-0.013473 -0.078525
-0.132444 0.002340
0.045999 0.045999
0.002340 -0.132444
-0.078525 -0.013473
-0.012651 0.142755
0.000000 0.091998
-0.012651 0.142755
-0.078525 -0.013473
0.002340 -0.132444
0.045999 0.045999
-0.132444 0.002340
-0.013473 -0.078525
0.142755 -0.012651
0.091998 0.000000
0.142755 -0.012651
-0.013473 -0.078525
-0.132444 0.002340
0.045999 0.045999
0.002340 -0.132444
-0.078525 -0.013473
-0.012651 0.142755
0.000000 0.091998
-0.012651 0.142755
-0.078525 -0.013473
0.002340 -0.132444
0.023000 0.023000
0.078000 0.000000
0.012000 -0.098000
0.092000 -0.106000
-0.092000 -0.115000
-0.003000 -0.054000
0.075000 0.074000
-0.127000 0.021000
-0.122000 0.017000
-0.035000 0.151000
-0.056000 0.022000
-0.060000 -0.081000
0.070000 -0.014000
0.082000 -0.092000
-0.131000 -0.065000
-0.057000 -0.039000
0.037000 -0.098000
0.062000 0.062000
0.119000 0.004000
-0.022000 -0.161000
0.059000 0.015000
0.024000 0.059000
-0.137000 0.047000
0.001000 0.115000
0.053000 -0.004000
0.098000 0.026000
-0.038000 0.106000
-0.115000 0.055000
0.060000 0.088000
0.021000 -0.028000
0.097000 -0.083000
0.040000 0.111000
-0.005000 0.120000
0.156000 0.000000
-0.005000 -0.120000
0.040000 -0.111000
0.097000 0.083000
0.021000 0.028000
0.060000 -0.088000
-0.115000 -0.055000
-0.038000 -0.106000
0.098000 -0.026000
0.053000 0.004000
0.001000 -0.115000
-0.137000 -0.047000
0.024000 -0.059000
0.059000 -0.015000
-0.022000 0.161000
0.119000 -0.004000
0.062000 -0.062000
0.037000 0.098000
-0.057000 0.039000
-0.131000 0.065000
0.082000 0.092000
0.070000 0.014000
-0.060000 0.081000
-0.056000 -0.022000
-0.035000 -0.151000
-0.122000 -0.017000
-0.127000 -0.021000
0.075000 -0.074000
-0.003000 0.054000
-0.092000 0.115000
0.092000 0.106000
0.012000 0.098000
-0.156000 0.000000
0.012000 -0.098000
0.092000 -0.106000
-0.092000 -0.115000
-0.003000 -0.054000
0.075000 0.074000
-0.127000 0.021000
-0.122000 0.017000
-0.035000 0.151000
-0.056000 0.022000
-0.060000 -0.081000
0.070000 -0.014000
0.082000 -0.092000
-0.131000 -0.065000
-0.057000 -0.039000
0.037000 -0.098000
0.062000 0.062000
0.119000 0.004000
-0.022000 -0.161000
0.059000 0.015000
0.024000 0.059000
-0.137000 0.047000
0.001000 0.115000
0.053000 -0.004000
0.098000 0.026000
-0.038000 0.106000
-0.115000 0.055000
0.060000 0.088000
0.021000 -0.028000
0.097000 -0.083000
0.040000 0.111000
-0.005000 0.120000
0.156000 0.000000
-0.005000 -0.120000
0.040000 -0.111000
0.097000 0.083000
0.021000 0.028000
0.060000 -0.088000
-0.115000 -0.055000
-0.038000 -0.106000
0.098000 -0.026000
0.053000 0.004000
0.001000 -0.115000
-0.137000 -0.047000
0.024000 -0.059000
0.059000 -0.015000
-0.022000 0.161000
0.119000 -0.004000
0.062000 -0.062000
0.037000 0.098000
-0.057000 0.039000
-0.131000 0.065000
0.082000 0.092000
0.070000 0.014000
-0.060000 0.081000
-0.056000 -0.022000
-0.035000 -0.151000
-0.122000 -0.017000
-0.127000 -0.021000
0.075000 -0.074000
-0.003000 0.054000
-0.092000 0.115000
0.092000 0.106000
0.012000 0.098000
-0.156000 0.000000
0.012000 -0.098000
0.092000 -0.106000
-0.092000 -0.115000
-0.003000 -0.054000
0.075000 0.074000
-0.127000 0.021000
-0.122000 0.017000
-0.035000 0.151000
-0.056000 0.022000
-0.060000 -0.081000
0.070000 -0.014000
0.082000 -0.092000
-0.131000 -0.065000
-0.057000 -0.039000
0.037000 -0.098000
0.062000 0.062000
0.119000 0.004000
-0.022000 -0.161000
0.059000 0.015000
0.024000 0.059000
-0.137000 0.047000
0.001000 0.115000
0.053000 -0.004000
0.098000 0.026000
-0.038000 0.106000
-0.115000 0.055000
0.060000 0.088000
0.021000 -0.028000
0.097000 -0.083000
0.040000 0.111000
-0.005000 0.120000
0.078000 0.000000
0.169194 -0.062500
-0.016905 0.031957
0.019280 -0.003475
0.094765 0.089410
0.028042 0.041131
-0.019268 0.022553
-0.045824 -0.011819
-0.063062 0.055780
0.082562 0.039644
0.020650 0.075887
-0.061143 0.014335
-0.038858 -0.017411
-0.085220 -0.053139
-0.022286 0.029943
0.012205 0.053176
0.060629 -0.014050
0.150103 -0.004576
0.046985 0.001601
0.008997 0.046842
0.046521 0.068592
0.081866 0.028456
-0.020783 -0.018840
0.069407 0.047427
0.079281 0.033495
0.105196 -0.067431
0.021595 -0.037379
-0.009694 0.120317
-0.061464 0.083956
0.022504 -0.048109
-0.023325 -0.022284
0.032875 0.009533
-0.113251 0.158160
-0.047985 -0.095971
0.111687 -0.024886
0.039679 0.039518
0.046339 -0.015842
0.045431 0.049471
0.005666 0.007756
-0.024700 -0.031277
0.035721 0.002672
0.058939 -0.020772
0.038619 -0.077160
0.029990 -0.039192
0.060992 -0.014238
0.005061 -0.002542
-0.029352 0.038048
0.036613 -0.037724
-0.077762 0.016105
-0.115062 0.168409
-0.037368 0.077471
0.046547 0.072701
0.055372 -0.005443
-0.027206 -0.001038
0.004179 -0.006905
0.014325 -0.043285
-0.017034 -0.023118
0.042663 0.093216
0.018281 0.044001
0.099717 0.055560
-0.007346 0.120282
0.085207 -0.067894
0.015372 0.006586
0.033750 -0.045696
0.063206 -0.004397
-0.169194 0.106694
0.004253 -0.015177
0.031059 -0.045455
0.043929 -0.037266
-0.007929 -0.049285
0.052679 -0.036220
0.057669 -0.076956
-0.038160 -0.070003
-0.015161 0.034690
-0.060160 0.034294
-0.060253 0.046658
0.019601 0.006318
0.058760 0.060308
-0.042133 0.029902
-0.035628 0.109691
0.059782 0.150745
-0.083812 -0.061715
0.103896 0.002354
-0.013732 0.079468
0.001811 -0.015848
-0.042462 -0.096731
-0.038800 -0.030749
0.032271 0.065992
-0.040385 -0.046631
-0.120821 0.362736
0.037284 -0.119441
-0.079143 -0.039987
0.023919 0.015933
0.032828 0.052900
-0.035756 -0.043620
-0.008101 -0.105363
-0.026804 0.019293
-0.084597 -0.213388
0.064553 -0.046044
0.057507 0.009597
-0.014846 0.094352
-0.008405 -0.098455
-0.053107 -0.064191
-0.041524 -0.095121
-0.103031 0.065201
0.227213 -0.186144
-0.002974 0.003650
0.056187 0.022117
0.004819 -0.034906
-0.072351 0.026623
-0.029393 0.057895
0.038009 0.039571
0.011219 -0.028489
0.004577 -0.190506
-0.036615 0.020559
0.024052 0.065968
-0.033405 -0.049014
0.107441 -0.050325
-0.007731 0.011111
0.026764 -0.068348
-0.026166 0.043896
-0.027038 -0.079161
-0.063781 0.028312
-0.012274 0.085359
0.007852 0.064676
-0.046788 0.031854
-0.005963 0.019016
-0.021336 0.013423
-0.054184 -0.005105
0.169194 -0.062500
-0.016905 0.031957
0.019280 -0.003475
0.094765 0.089410
0.028042 0.041131
-0.019268 0.022553
-0.045824 -0.011819
-0.063062 0.055780
0.082562 0.039644
0.020650 0.075887
-0.061143 0.014335
-0.038858 -0.017411
-0.085220 -0.053139
-0.022286 0.029943
0.012205 0.053176
0.060629 -0.014050
0.150103 -0.004576
0.046985 0.001601
0.008997 0.046842
0.046521 0.068592
0.081866 0.028456
-0.020783 -0.018840
0.069407 0.047427
0.079281 0.033495
0.105196 -0.067431
0.021595 -0.037379
-0.009694 0.120317
-0.061464 0.083956
0.022504 -0.048109
-0.023325 -0.022284
0.032875 0.009533
-0.113251 0.158160
0.136049 -0.062500
-0.058817 0.029725
0.009739 0.082025
-0.049429 0.059964
0.048934 0.016196
-0.032127 0.071118
-0.002464 0.019651
-0.022691 0.007530
0.050119 -0.028116
-0.002626 -0.095247
0.013611 0.013846
-0.110445 0.067991
-0.003865 -0.008834
-0.019922 -0.014440
0.046677 -0.019440
-0.009759 -0.005848
0.187270 0.098882
0.012023 0.086652
0.035041 0.019425
0.091441 -0.014072
-0.014351 0.096889
0.070207 -0.040915
0.019403 0.012533
0.037464 -0.012413
0.001606 0.004914
-0.051048 -0.042945
-0.130604 -0.110169
-0.055396 0.055765
0.061340 -0.023495
-0.056551 0.026687
-0.042246 0.063651
0.076304 0.085391
-0.180568 -0.040728
0.122479 -0.051801
0.069110 -0.066399
0.043684 0.028439
0.046517 0.026924
0.017142 -0.108024
0.013596 -0.040965
0.019868 -0.002033
0.151463 0.059556
0.021007 -0.021838
0.000724 0.093590
0.002820 0.035058
0.080857 -0.032976
0.024157 0.018148
0.060915 0.036003
0.043003 -0.012843
0.054687 0.105354
-0.023050 -0.049284
-0.020853 0.091291
0.007684 0.001782
0.046560 -0.003153
-0.005987 -0.034114
0.113973 -0.060680
0.052672 -0.032437
-0.017816 0.058762
-0.091971 -0.006308
-0.012822 0.065268
0.033389 0.020013
0.069911 -0.102378
-0.030219 -0.048441
0.011096 -0.077175
-0.003142 -0.083419
-0.202340 0.128791
0.049849 -0.008902
0.044939 0.001459
-0.010826 -0.047762
0.015906 0.003430
-0.009287 -0.113556
-0.057310 -0.030936
0.003944 -0.008476
0.061477 0.172532
-0.010098 -0.042878
0.007590 -0.021531
0.022531 0.112661
0.060714 -0.016535
0.066442 -0.005762
-0.003537 -0.006521
0.047462 0.035368
-0.187270 -0.098882
-0.060276 -0.113080
0.025794 -0.097276
-0.016657 0.045995
-0.038346 -0.053542
-0.077159 0.008817
0.041477 0.015544
0.138104 -0.031595
-0.168119 0.183696
-0.027106 -0.084045
-0.043239 0.009895
-0.060004 -0.041825
-0.021206 0.084740
-0.075034 -0.003829
0.041624 0.108293
0.065827 0.033701
-0.106694 -0.069757
0.006705 0.046598
-0.027464 0.060935
0.057556 -0.047425
0.021225 -0.197438
-0.037326 -0.014462
0.019081 -0.054444
-0.047542 -0.150439
0.178883 -0.071390
-0.054515 0.063589
-0.002764 0.039949
0.067612 -0.061395
-0.031013 0.058345
-0.053647 -0.056715
0.032169 0.008264
-0.007656 -0.014836
0.033701 -0.237936
-0.021815 -0.068850
-0.011306 -0.003071
-0.044579 0.050245
0.138719 -0.066083
0.033984 -0.061127
0.029021 -0.074090
-0.016266 -0.010623
0.007553 -0.026401
0.012484 0.005060
0.042505 -0.002460
-0.052603 -0.015433
-0.128350 0.041133
0.008550 0.023061
0.030079 -0.076462
0.049185 -0.047029
0.136049 -0.062500
-0.058817 0.029725
0.009739 0.082025
-0.049429 0.059964
0.048934 0.016196
-0.032127 0.071118
-0.002464 0.019651
-0.022691 0.007530
0.050119 -0.028116
-0.002626 -0.095247
0.013611 0.013846
-0.110445 0.067991
-0.003865 -0.008834
-0.019922 -0.014440
0.046677 -0.019440
-0.009759 -0.005848
0.187270 0.098882
0.012023 0.086652
0.035041 0.019425
0.091441 -0.014072
-0.014351 0.096889
0.070207 -0.040915
0.019403 0.012533
0.037464 -0.012413
0.001606 0.004914
-0.051048 -0.042945
-0.130604 -0.110169
-0.055396 0.055765
0.061340 -0.023495
-0.056551 0.026687
-0.042246 0.063651
0.076304 0.085391
0.169194 -0.117743
-0.008801 0.038786
0.007050 0.020628
-0.067696 -0.023529
0.068945 -0.071556
-0.022787 0.021039
0.064352 0.009954
0.081810 0.029702
0.073892 -0.058929
-0.023852 0.070723
-0.010657 0.028564
0.005204 0.062616
0.015586 -0.001905
-0.039351 -0.034813
-0.050511 -0.018237
-0.021943 0.135747
0.232805 0.086493
0.028535 0.092207
0.051723 0.005749
0.002691 -0.063477
0.034528 0.035810
-0.036846 0.032408
-0.016711 0.014169
-0.019369 -0.028431
0.084298 -0.032482
-0.011136 0.030246
-0.026145 0.044823
0.033521 0.006360
0.015937 -0.081463
-0.060641 0.045436
-0.032036 0.016725
-0.040383 -0.006711
-0.180568 -0.173311
0.035945 -0.016145
0.033704 0.012625
0.079544 -0.035708
-0.116636 0.057040
0.063659 0.030952
0.058652 -0.023467
-0.000594 -0.029699
0.004681 -0.027777
-0.001747 0.120034
0.039553 0.050464
-0.020473 -0.038875
0.065836 -0.146291
0.058385 -0.020143
0.027679 0.034864
0.012081 0.119029
0.009153 0.212603
-0.013302 0.011154
0.026798 -0.020508
-0.038207 0.048691
-0.077983 0.029850
0.065560 -0.009202
-0.020216 0.007501
0.028737 -0.079447
0.117894 0.080133
0.017617 0.009888
0.026713 -0.000523
0.033808 -0.090097
0.071804 -0.020187
-0.052527 -0.008762
0.010678 0.056902
0.033925 0.056458
-0.102903 0.073549
-0.019973 0.042436
-0.020170 -0.030296
-0.080373 -0.058358
-0.098211 0.066766
-0.053357 -0.027454
0.033971 -0.000406
-0.109416 0.070773
0.033912 0.133263
-0.046359 0.015728
-0.025830 0.047053
0.010200 0.081155
0.025639 0.039535
0.033744 -0.001682
0.025579 -0.073975
0.031142 -0.072374
-0.188610 -0.064396
0.020097 0.066469
-0.003533 -0.011012
0.011599 -0.021088
-0.020585 -0.042979
-0.045654 0.041320
0.042444 0.036990
0.091612 -0.026665
-0.158631 0.265287
-0.009077 0.031561
-0.023801 0.068625
0.013766 0.097207
0.039821 -0.022689
0.033006 0.025708
0.008013 0.008092
-0.009542 0.015827
-0.062500 -0.224437
-0.036218 0.040467
-0.017220 0.039844
0.008148 -0.021235
0.070458 -0.021000
0.095068 0.099313
0.048292 0.006914
-0.086638 -0.009868
0.196873 -0.179139
-0.069711 0.055109
0.058041 0.065637
0.010399 -0.078343
-0.031617 0.051524
0.026024 -0.033880
-0.028058 -0.041225
0.010953 0.014095
0.035041 -0.146312
0.046700 0.041069
0.010036 0.034748
0.031309 0.064369
0.051096 -0.053931
0.044694 -0.083615
0.002604 -0.051654
-0.000807 0.020650
0.089023 -0.003579
-0.033720 0.078823
0.050515 -0.002867
0.091559 -0.054688
-0.114618 0.004701
0.016026 -0.098072
0.002045 0.016854
-0.126567 -0.084087
0.169194 -0.117743
-0.008801 0.038786
0.007050 0.020628
-0.067696 -0.023529
0.068945 -0.071556
-0.022787 0.021039
0.064352 0.009954
0.081810 0.029702
0.073892 -0.058929
-0.023852 0.070723
-0.010657 0.028564
0.005204 0.062616
0.015586 -0.001905
-0.039351 -0.034813
-0.050511 -0.018237
-0.021943 0.135747
0.232805 0.086493
0.028535 0.092207
0.051723 0.005749
0.002691 -0.063477
0.034528 0.035810
-0.036846 0.032408
-0.016711 0.014169
-0.019369 -0.028431
0.084298 -0.032482
-0.011136 0.030246
-0.026145 0.044823
0.033521 0.006360
0.015937 -0.081463
-0.060641 0.045436
-0.032036 0.016725
-0.040383 -0.006711
0.125000 -0.106694
-0.004786 0.005447
0.055454 0.029994
0.014543 -0.083878
0.053328 -0.077311
0.004894 -0.037250
-0.022302 0.066938
0.087557 -0.067064
0.005925 -0.019176
-0.006135 -0.040629
-0.035438 0.052203
0.048002 0.047393
-0.049255 -0.050525
0.081945 0.026964
0.031402 0.009887
-0.065004 -0.096977
0.258138 0.089729
0.043325 0.058628
-0.022765 -0.008911
-0.116378 0.098800
-0.040017 0.038034
0.033087 0.094152
0.017265 -0.001861
-0.059948 -0.013424
0.049164 0.016660
0.076977 -0.047770
0.042675 -0.091583
-0.010010 -0.009245
0.025669 -0.028270
-0.045415 -0.052859
-0.105911 0.003781
0.029659 0.159495
-0.081131 -0.173311
0.137796 -0.048276
0.026368 -0.127811
0.002576 -0.031870
-0.071524 0.023801
-0.038855 -0.026570
-0.021255 -0.049867
-0.001756 -0.018681
0.107269 -0.027633
-0.011137 0.082777
-0.001753 0.070438
0.089209 0.040566
0.140205 -0.098416
-0.019569 -0.107831
-0.089471 -0.020231
0.060828 -0.036433
-0.025333 0.171645
-0.015968 -0.057762
-0.014621 -0.037068
0.030362 0.059752
-0.021708 -0.002074
0.022774 -0.017805
0.000657 0.054613
-0.024595 -0.030440
0.053660 0.036878
-0.003276 -0.048044
-0.053384 0.008717
0.013435 -0.034867
0.039838 -0.120514
-0.022889 0.068981
-0.060454 0.056564
0.018739 0.020988
-0.213388 0.040403
0.046770 0.003841
-0.087554 0.025645
-0.006246 0.093407
-0.051671 0.037907
0.013614 0.056926
-0.049744 0.013050
0.058950 -0.028340
0.017283 0.222301
-0.036273 0.038667
-0.013597 0.025293
-0.054231 0.059772
0.138642 -0.030694
-0.003592 -0.042277
0.021104 0.005268
-0.012113 -0.095146
-0.147652 -0.045535
0.053219 0.011379
0.083965 0.016595
0.063018 -0.051771
-0.102355 -0.075059
-0.006790 -0.013853
0.048987 0.037419
0.049151 0.044404
-0.038901 0.212354
0.044720 -0.054750
0.046559 -0.007331
0.082091 0.042184
-0.041991 -0.055329
-0.039538 -0.039398
-0.018605 0.052337
0.026250 0.013303
-0.051451 -0.158146
-0.042757 -0.032012
-0.035099 -0.065445
-0.006468 -0.039439
-0.005578 -0.104036
-0.026719 0.016242
-0.031161 -0.026757
0.012074 -0.041047
0.134689 -0.175492
0.031027 0.093115
0.067699 0.026687
0.022528 -0.009821
-0.091648 0.034109
-0.045469 0.048633
-0.106918 0.032358
-0.022710 0.012488
0.047430 -0.171645
0.111274 0.010921
-0.005749 -0.046387
-0.008506 0.032163
0.151136 -0.018039
0.009218 0.043644
0.005775 -0.005147
0.014792 -0.085892
0.112853 -0.089115
0.002000 0.024470
-0.052763 -0.047812
0.012850 0.036854
-0.073072 -0.003914
0.010080 -0.017697
0.027077 -0.051575
0.004904 0.012768
0.125000 -0.106694
-0.004786 0.005447
0.055454 0.029994
0.014543 -0.083878
0.053328 -0.077311
0.004894 -0.037250
-0.022302 0.066938
0.087557 -0.067064
0.005925 -0.019176
-0.006135 -0.040629
-0.035438 0.052203
0.048002 0.047393
-0.049255 -0.050525
0.081945 0.026964
0.031402 0.009887
-0.065004 -0.096977
0.258138 0.089729
0.043325 0.058628
-0.022765 -0.008911
-0.116378 0.098800
-0.040017 0.038034
0.033087 0.094152
0.017265 -0.001861
-0.059948 -0.013424
0.049164 0.016660
0.076977 -0.047770
0.042675 -0.091583
-0.010010 -0.009245
0.025669 -0.028270
-0.045415 -0.052859
-0.105911 0.003781
0.029659 0.159495
0.147097 -0.128791
-0.049900 -0.064961
-0.021277 -0.004564
-0.062662 0.033722
0.045610 0.103344
0.001127 0.124775
0.127655 0.060438
0.018511 -0.051871
0.072982 -0.141844
-0.051710 -0.058730
-0.102972 0.000678
0.030165 0.024834
-0.066714 -0.113281
0.053826 -0.076474
-0.039419 0.077577
0.010370 -0.002634
0.126110 -0.059819
0.007412 -0.042520
0.000426 -0.000546
0.043203 0.098352
0.005078 0.076086
-0.093087 -0.007377
0.018064 0.082284
-0.072510 0.048080
0.042859 -0.050217
0.041521 0.016668
-0.031293 0.029353
0.031189 -0.034531
-0.012199 -0.071499
-0.052353 0.007900
-0.016267 -0.013205
-0.011749 0.088397
-0.092180 -0.095971
0.019738 -0.027324
0.082348 -0.064987
0.034467 -0.061998
-0.002389 0.044876
0.078685 0.050269
0.134215 -0.043391
-0.018268 -0.050411
0.044601 0.043179
-0.022759 -0.029250
0.079925 -0.020096
0.003863 -0.022250
0.043241 -0.073273
0.013438 -0.001209
0.046963 -0.005120
-0.013129 0.057281
-0.031250 0.163833
0.021671 0.022368
0.011346 -0.018183
-0.005921 -0.041619
-0.085440 0.006300
-0.011510 0.064392
0.034140 -0.041326
0.005633 -0.053241
0.011381 -0.019392
-0.015735 -0.000225
0.002109 0.068632
0.031912 0.039540
0.036885 -0.016500
-0.047976 -0.062108
-0.018241 0.028135
-0.049765 -0.091490
-0.169194 0.062500
0.006062 -0.030243
-0.040510 -0.118312
-0.028384 0.007093
-0.065723 -0.002229
0.082132 0.075033
-0.022220 -0.014286
-0.026974 0.044431
0.056920 0.091178
-0.013061 0.029526
0.039134 0.014724
-0.018980 0.040762
0.013762 0.004176
-0.015944 0.032163
0.029265 0.085257
0.006956 0.005373
-0.170305 -0.116958
-0.015489 0.024660
-0.003547 0.054904
0.092034 0.020484
-0.044482 -0.049757
-0.004422 -0.035837
0.152177 0.069006
0.070653 -0.017794
-0.152234 0.288383
-0.024629 -0.175237
-0.029143 -0.047766
0.079496 0.004892
0.060198 0.046433
-0.050896 0.041845
0.040373 0.024483
-0.020268 0.069138
-0.106694 -0.191291
0.066078 -0.112590
-0.017197 -0.017405
-0.085814 -0.039481
-0.034636 -0.052241
0.002654 -0.011449
-0.061480 -0.033221
-0.159130 -0.008513
0.179050 -0.125095
-0.049466 0.139569
0.045019 0.015996
0.044063 0.005124
-0.021539 0.062740
0.018761 0.032197
0.074103 -0.048772
-0.029791 0.041067
0.119638 -0.163832
0.059912 0.057773
0.076799 -0.044297
0.022592 -0.064388
0.005206 -0.126379
-0.007742 -0.019322
0.007615 0.008885
0.104922 -0.026166
0.097994 -0.086192
0.020354 0.000513
0.085610 -0.024908
0.038778 -0.010536
-0.053634 -0.015572
0.033309 0.035202
0.023388 -0.059966
-0.065460 -0.051648
0.147097 -0.128791
-0.049900 -0.064961
-0.021277 -0.004564
-0.062662 0.033722
0.045610 0.103344
0.001127 0.124775
0.127655 0.060438
0.018511 -0.051871
0.072982 -0.141844
-0.051710 -0.058730
-0.102972 0.000678
0.030165 0.024834
-0.066714 -0.113281
0.053826 -0.076474
-0.039419 0.077577
0.010370 -0.002634
0.126110 -0.059819
0.007412 -0.042520
0.000426 -0.000546
0.043203 0.098352
0.005078 0.076086
-0.093087 -0.007377
0.018064 0.082284
-0.072510 0.048080
0.042859 -0.050217
0.041521 0.016668
-0.031293 0.029353
0.031189 -0.034531
-0.012199 -0.071499
-0.052353 0.007900
-0.016267 -0.013205
-0.011749 0.088397
0.113951 -0.095646
-0.023708 0.098090
0.050043 0.009023
0.088062 -0.077463
0.084801 0.020977
-0.019069 -0.019954
0.049963 0.020187
-0.051628 0.085848
0.028538 -0.025008
0.050971 0.039835
0.067636 -0.019934
0.014338 -0.008158
-0.011045 -0.036633
-0.004770 0.015475
0.004359 0.072549
-0.004785 0.028640
0.111826 0.103458
-0.036208 0.034330
-0.022401 0.003483
0.035803 0.046416
-0.031222 0.002892
0.009174 0.032892
-0.140756 -0.014134
-0.022555 0.095793
0.091601 0.054470
0.029246 -0.028763
-0.038234 0.033101
0.015287 0.131939
-0.019242 0.014664
0.003528 -0.043532
-0.067959 0.076218
-0.020050 0.180319
-0.136374 -0.118068
0.111315 -0.003227
0.043627 -0.050382
0.058242 0.020076
0.063490 0.093634
0.105416 -0.064980
-0.011838 0.013774
0.074060 0.010334
0.115348 0.036172
0.118455 -0.017213
0.034730 -0.076613
-0.045268 -0.032849
0.057494 -0.045573
-0.014904 0.012465
0.012345 0.048538
0.031127 0.007248
0.076785 0.100777
0.062082 0.090715
0.041657 0.003775
-0.024327 -0.071742
-0.043256 0.010214
-0.031503 -0.017048
0.063496 0.072528
0.061238 -0.019093
0.055463 -0.079183
-0.099816 -0.096248
-0.021139 -0.031884
0.103221 0.044806
0.006139 -0.021407
-0.013832 0.035910
0.018964 0.096789
-0.017810 0.050488
-0.180243 0.139840
0.098845 -0.015710
0.056041 -0.025031
0.023577 0.015206
-0.071160 0.022929
0.005854 -0.032427
-0.063809 0.016603
-0.050957 0.015555
-0.058677 0.093980
-0.009875 0.003457
-0.022486 -0.013110
-0.021609 0.036335
0.112693 -0.007469
-0.017457 0.037313
0.043482 -0.031648
0.105208 0.066749
-0.200214 -0.125555
0.002578 -0.060342
-0.048341 0.018867
0.049572 0.096664
0.032904 -0.136776
0.039546 -0.069719
0.024053 0.025399
0.060582 -0.019580
-0.085129 0.233252
-0.047369 -0.055525
-0.049273 -0.004980
0.040505 -0.014779
-0.039986 0.051766
0.003708 -0.027258
-0.091382 0.076533
0.042042 0.061699
-0.106694 -0.235485
-0.007897 -0.001147
0.048550 -0.035547
0.034064 -0.066993
-0.032936 -0.056734
-0.061938 -0.018004
-0.028417 -0.004399
-0.074733 -0.017671
0.135763 -0.060950
-0.073952 0.162417
0.007392 0.041545
0.007394 -0.038183
-0.078336 0.133869
0.059332 0.020990
0.035022 0.047902
-0.017458 -0.059504
0.055798 -0.211263
0.059366 -0.032373
0.044212 -0.012577
0.001380 0.104277
0.085768 -0.045525
0.026244 0.011256
0.018920 0.010206
-0.017954 -0.027395
-0.017741 -0.164345
0.067743 0.006704
-0.015238 -0.016514
-0.078464 0.043001
-0.116104 -0.000829
-0.037552 0.001622
-0.043219 0.003284
-0.044551 0.019123
0.113951 -0.095646
-0.023708 0.098090
0.050043 0.009023
0.088062 -0.077463
0.084801 0.020977
-0.019069 -0.019954
0.049963 0.020187
-0.051628 0.085848
0.028538 -0.025008
0.050971 0.039835
0.067636 -0.019934
0.014338 -0.008158
-0.011045 -0.036633
-0.004770 0.015475
0.004359 0.072549
-0.004785 0.028640
0.111826 0.103458
-0.036208 0.034330
-0.022401 0.003483
0.035803 0.046416
-0.031222 0.002892
0.009174 0.032892
-0.140756 -0.014134
-0.022555 0.095793
0.091601 0.054470
0.029246 -0.028763
-0.038234 0.033101
0.015287 0.131939
-0.019242 0.014664
0.003528 -0.043532
-0.067959 0.076218
-0.020050 0.180319
0.125000 -0.117743
0.019551 0.035025
0.046997 -0.016793
0.065552 -0.045855
0.052494 -0.006275
-0.081511 0.032354
-0.064039 0.006114
-0.020503 0.012613
0.054916 0.102206
0.068522 0.069176
0.013638 -0.016311
0.024823 -0.022781
-0.006579 0.074753
0.057592 0.007970
0.040455 -0.068041
0.023872 -0.005418
0.208027 0.070868
-0.011689 0.064607
0.044367 0.020038
0.004631 -0.133869
-0.017409 0.116247
0.037071 0.051607
0.007150 -0.026805
0.012512 0.001148
0.062188 -0.032118
-0.008233 0.009204
0.034961 0.038131
0.036472 0.047090
0.032292 -0.079244
0.045578 -0.071605
-0.035464 -0.027624
-0.009130 0.091321
-0.224762 -0.107019
0.137270 0.001350
0.007456 -0.003241
-0.013774 -0.013743
0.013380 0.145704
0.011124 0.092113
-0.078001 -0.020567
0.043033 -0.023409
0.045663 -0.025500
0.044766 -0.014739
0.021436 -0.062491
0.023787 -0.044080
0.099914 -0.124809
-0.004131 0.015194
-0.015973 -0.000800
-0.032562 0.011041
-0.035041 0.212603
0.069410 -0.081632
0.000434 -0.056852
0.039936 -0.038930
-0.028643 0.103118
0.085085 -0.110404
0.001254 0.026689
-0.064773 -0.034531
0.153690 0.094999
0.029163 -0.028337
0.021691 0.020838
0.081791 -0.036117
0.060653 0.007872
-0.057076 -0.062002
-0.042940 -0.035834
0.082733 0.017506
-0.169194 0.095646
-0.053204 -0.008664
0.012865 -0.010463
-0.011266 -0.014340
-0.062074 0.014824
0.007963 0.064643
0.091558 0.042516
0.082755 0.053919
-0.006930 0.085294
-0.069409 -0.063036
-0.065498 0.032752
0.117882 -0.043464
0.050774 0.014667
0.000268 0.010780
-0.021911 -0.040004
-0.005823 -0.004717
-0.119638 -0.048771
0.058256 -0.040348
0.026746 -0.023201
-0.024704 -0.101718
0.003071 -0.073874
0.005165 0.039288
0.033671 -0.015996
0.029157 -0.073000
-0.240535 0.195950
-0.038819 0.040961
-0.036862 0.012595
-0.036893 -0.027287
0.011902 0.125586
0.005096 -0.017060
-0.024520 -0.093014
0.005308 -0.046444
-0.128791 -0.224437
-0.014879 0.014722
0.034619 -0.008084
0.057546 -0.027375
0.058700 -0.021670
-0.005260 -0.040632
0.011046 -0.092534
-0.012982 -0.109511
0.127323 -0.162000
0.008922 0.045714
0.098536 0.050807
0.071437 -0.065751
-0.055720 0.017083
0.057283 0.044109
-0.085347 0.078200
-0.010467 -0.055742
-0.009153 -0.146312
-0.000843 -0.032894
-0.085095 -0.026402
-0.020017 0.026218
-0.019519 -0.012909
0.076586 -0.013484
0.033973 -0.096194
-0.057974 0.005509
-0.019537 0.006333
-0.062009 -0.011108
0.000487 0.048680
0.009574 -0.061550
-0.016459 0.052481
-0.064058 -0.042871
-0.027688 0.010341
-0.138379 0.056161
0.125000 -0.117743
0.019551 0.035025
0.046997 -0.016793
0.065552 -0.045855
0.052494 -0.006275
-0.081511 0.032354
-0.064039 0.006114
-0.020503 0.012613
0.054916 0.102206
0.068522 0.069176
0.013638 -0.016311
0.024823 -0.022781
-0.006579 0.074753
0.057592 0.007970
0.040455 -0.068041
0.023872 -0.005418
0.208027 0.070868
-0.011689 0.064607
0.044367 0.020038
0.004631 -0.133869
-0.017409 0.116247
0.037071 0.051607
0.007150 -0.026805
0.012512 0.001148
0.062188 -0.032118
-0.008233 0.009204
0.034961 0.038131
0.036472 0.047090
0.032292 -0.079244
0.045578 -0.071605
-0.035464 -0.027624
-0.009130 0.091321
0.113951 -0.062500
0.007113 0.015891
0.010398 -0.027605
-0.018603 0.045005
0.105887 0.073628
0.034413 -0.021368
0.023507 -0.004765
0.020518 -0.010702
0.104481 -0.003420
0.051892 0.081325
0.119716 0.093634
0.075456 0.038809
-0.075615 -0.034866
-0.048073 -0.010232
-0.059003 -0.026263
-0.009852 -0.019339
0.163833 0.073549
-0.001601 0.110954
0.005382 0.068756
0.071123 0.020072
0.011036 0.044453
-0.066142 0.085344
0.011302 0.024838
0.066230 -0.017817
0.049384 0.018144
-0.007987 -0.021371
-0.046101 0.024219
0.010360 0.017647
0.051437 -0.006765
0.000021 0.010605
-0.100178 -0.023346
-0.026950 0.137061
-0.125325 -0.095971
0.060414 0.028501
0.131426 -0.075340
0.011803 -0.049911
0.065698 0.117097
0.000019 -0.075031
0.119680 -0.034579
-0.088865 0.013539
0.067481 -0.040682
0.050751 0.048053
0.032967 -0.064556
-0.011473 0.007575
0.090846 0.011281
0.016030 -0.001673
0.009383 0.007887
0.092443 -0.063698
-0.019416 0.168409
0.043479 0.043921
-0.017918 -0.019179
-0.065451 -0.089511
-0.088611 0.027530
-0.053567 0.113348
-0.024914 0.001460
0.012868 0.011572
0.028773 0.031096
0.013101 0.066347
0.108545 0.050455
0.046965 -0.003096
0.102442 -0.009119
0.046077 0.028027
0.065449 -0.011341
0.004419 -0.003345
-0.158146 0.172985
0.107020 0.044979
0.022109 -0.029051
-0.067638 -0.002601
-0.108995 -0.015629
0.009845 0.014698
0.020310 -0.108741
0.039754 -0.018788
-0.003149 0.181767
-0.030279 0.019815
-0.019150 -0.024063
0.025299 0.018281
0.099788 -0.033317
-0.128896 -0.090258
-0.052942 0.024508
0.022913 0.045155
-0.163833 -0.139840
0.015347 -0.053452
-0.018493 -0.035921
0.024897 0.074626
0.012349 0.063956
0.015649 0.059978
0.072160 -0.001653
0.103873 -0.037548
-0.111884 0.217341
-0.038198 -0.110205
-0.039953 0.041273
0.019865 -0.004835
0.023147 0.109235
0.035942 -0.022501
-0.005055 0.014161
-0.058625 -0.093733
-0.051451 -0.191291
-0.020292 0.030834
0.056853 -0.005159
-0.046627 -0.031632
0.012854 -0.011263
0.037716 -0.015122
-0.060167 -0.086712
-0.069377 -0.020977
0.096352 -0.093471
-0.029312 0.218132
0.043521 -0.007263
0.032787 -0.030577
0.048813 0.069846
-0.026385 0.002885
0.056975 -0.202999
-0.063547 -0.009019
-0.024778 -0.190506
0.029004 0.032313
-0.012980 -0.001501
-0.024990 -0.013884
0.078170 -0.034607
-0.055098 0.005414
-0.036879 0.033375
-0.037165 -0.034764
0.033727 -0.045611
-0.000453 0.047516
-0.022768 0.011300
-0.083773 0.004031
-0.075694 -0.017907
-0.067552 0.019438
-0.039629 0.040617
-0.008637 0.122404
0.113951 -0.062500
0.007113 0.015891
0.010398 -0.027605
-0.018603 0.045005
0.105887 0.073628
0.034413 -0.021368
0.023507 -0.004765
0.020518 -0.010702
0.104481 -0.003420
0.051892 0.081325
0.119716 0.093634
0.075456 0.038809
-0.075615 -0.034866
-0.048073 -0.010232
-0.059003 -0.026263
-0.009852 -0.019339
0.163833 0.073549
-0.001601 0.110954
0.005382 0.068756
0.071123 0.020072
0.011036 0.044453
-0.066142 0.085344
0.011302 0.024838
0.066230 -0.017817
0.049384 0.018144
-0.007987 -0.021371
-0.046101 0.024219
0.010360 0.017647
0.051437 -0.006765
0.000021 0.010605
-0.100178 -0.023346
-0.026950 0.137061
0.147097 -0.095646
0.035166 -0.015719
0.022601 -0.049114
-0.055247 -0.093641
0.052577 -0.004575
0.015540 -0.053724
0.008051 0.018847
-0.046492 0.030176
0.015853 -0.049585
0.031722 0.048632
0.126963 -0.019336
-0.006970 -0.052198
-0.100668 0.022474
-0.091956 0.037004
-0.047600 0.060084
-0.009427 -0.046901
0.137159 0.053347
-0.034264 0.001871
0.054588 -0.007990
0.012075 -0.007664
0.001539 0.106659
-0.002477 0.015343
0.030125 -0.049442
0.024706 -0.024574
-0.077499 -0.036083
-0.026247 0.039601
0.021442 -0.040533
-0.000829 0.065292
0.057626 -0.071433
0.038259 -0.069400
-0.022948 0.020478
-0.075135 0.087778
-0.136374 -0.084922
0.045039 -0.057693
0.083532 -0.099705
0.004823 0.025475
-0.011682 0.055878
0.066223 0.036193
0.085919 -0.040615
0.034032 -0.045794
0.084725 0.018894
0.007764 -0.027223
-0.045462 0.042672
-0.004269 0.021789
0.117559 -0.067507
0.050504 -0.041861
-0.027976 0.030624
0.107996 -0.020975
-0.070868 0.239277
-0.039837 -0.037519
0.038671 -0.017133
0.029152 -0.027566
-0.057216 0.069356
-0.072748 -0.044835
-0.038011 0.011603
-0.003821 -0.107753
0.031484 0.046407
-0.043383 0.002406
0.084497 -0.036498
0.093685 -0.075617
0.026029 -0.038394
-0.010474 -0.006821
0.008140 -0.007117
-0.121938 -0.032649
-0.147097 0.073549
-0.025174 0.077040
0.018505 -0.003574
-0.066703 -0.013257
-0.104242 0.057226
0.049756 -0.026494
-0.038519 -0.055691
-0.058058 -0.011221
-0.045993 0.212307
0.009816 0.012537
0.070706 0.038106
0.005073 0.067783
0.073906 0.029191
-0.011445 -0.058174
0.048785 0.010059
0.035707 0.061137
-0.159256 -0.097541
0.038956 -0.026403
0.089112 -0.093664
-0.004130 -0.035195
0.038167 -0.042050
0.019130 0.040544
0.004780 0.082212
0.006233 -0.024951
-0.178973 0.331388
-0.023577 -0.059713
0.047592 0.004999
0.004447 0.013997
0.069483 0.048640
-0.023787 -0.032718
-0.011183 -0.003339
0.014694 -0.047893
-0.172985 -0.113951
0.007497 0.004878
-0.029522 -0.080157
-0.008120 -0.008954
0.000847 -0.020140
0.013072 0.019725
0.007049 -0.038026
-0.037010 0.035042
0.166385 -0.137421
-0.023480 0.044926
0.058395 -0.053505
0.017256 -0.050243
-0.127408 0.078342
0.029244 -0.036981
-0.035709 -0.052932
0.021393 -0.014700
0.048771 -0.150888
0.025603 -0.020179
0.076066 0.049559
0.035166 0.087078
0.080010 -0.045576
0.021840 -0.022155
0.065606 0.071111
0.065745 -0.117298
0.180794 -0.032352
-0.110600 -0.039219
-0.010579 0.012319
0.069591 0.031144
0.060250 -0.001312
0.034320 -0.057423
-0.036509 -0.057858
-0.083625 -0.021199
0.147097 -0.095646
0.035166 -0.015719
0.022601 -0.049114
-0.055247 -0.093641
0.052577 -0.004575
0.015540 -0.053724
0.008051 0.018847
-0.046492 0.030176
0.015853 -0.049585
0.031722 0.048632
0.126963 -0.019336
-0.006970 -0.052198
-0.100668 0.022474
-0.091956 0.037004
-0.047600 0.060084
-0.009427 -0.046901
0.137159 0.053347
-0.034264 0.001871
0.054588 -0.007990
0.012075 -0.007664
0.001539 0.106659
-0.002477 0.015343
0.030125 -0.049442
0.024706 -0.024574
-0.077499 -0.036083
-0.026247 0.039601
0.021442 -0.040533
-0.000829 0.065292
0.057626 -0.071433
0.038259 -0.069400
-0.022948 0.020478
-0.075135 0.087778
0.113951 -0.128791
-0.117006 0.011817
-0.027147 0.064794
0.006417 0.043188
0.075408 0.113855
0.077118 0.028504
0.030572 0.002948
-0.012059 0.031069
0.066579 0.024442
-0.043213 -0.031270
-0.040402 0.041301
-0.035909 0.011918
-0.073634 0.014050
0.036854 0.039411
0.000543 0.103164
0.045673 0.089440
0.182694 0.087833
-0.055801 0.036541
0.043977 0.076938
0.041575 0.049291
0.070368 -0.002730
-0.048855 -0.085596
-0.018756 -0.008669
0.011679 0.042659
0.126567 -0.048465
0.015854 -0.079938
0.042695 0.064265
0.037898 0.025298
-0.065156 -0.050804
0.022190 -0.002979
0.008483 0.058631
0.038001 0.058461
-0.114277 -0.173311
0.108595 0.039037
0.000093 -0.040307
0.031426 -0.076819
0.051166 0.058304
0.041644 -0.055124
-0.049588 0.025392
-0.002645 0.003534
-0.048317 0.102207
-0.028936 0.072969
0.032299 -0.021418
0.017009 -0.016690
0.051540 -0.009605
0.036621 0.034955
0.055246 0.017792
0.001634 -0.000254
0.012389 0.157916
0.074103 0.079098
0.029247 -0.058543
0.074012 0.027965
-0.083591 -0.005400
0.072040 -0.000377
-0.000220 0.064058
-0.035832 0.065362
0.124254 0.005251
-0.020668 -0.091716
-0.036984 0.020706
-0.003171 -0.008414
0.029003 0.021758
0.043169 -0.023136
0.056512 0.006683
0.007244 -0.006971
-0.246534 0.128791
0.023801 -0.096024
-0.032710 0.059045
-0.009043 -0.044567
-0.097643 0.029181
0.032904 0.045015
0.083930 0.016085
0.067977 -0.023113
0.006184 0.075780
-0.059108 -0.022285
-0.034965 0.009244
-0.017033 -0.022076
0.091243 0.050559
0.066202 -0.061957
0.042104 0.022499
0.056925 0.010423
-0.160596 -0.109930
-0.038344 -0.030599
-0.049978 0.121788
0.047249 0.064372
0.017928 -0.087517
0.050756 -0.061175
0.058094 0.034908
0.099151 -0.011102
-0.097998 0.286632
-0.076977 -0.015259
-0.060398 -0.056814
0.011035 0.044306
-0.008606 0.103455
-0.010154 0.005461
-0.100434 0.005866
-0.017003 0.092056
-0.106694 -0.224437
-0.019396 -0.074602
0.054153 -0.052887
0.020558 -0.033848
0.015264 -0.013841
0.062162 -0.092472
0.003198 -0.076280
-0.089638 -0.068284
0.152331 -0.158235
-0.037340 0.059851
-0.005884 0.035344
-0.071825 0.024941
-0.050844 0.033384
0.009072 0.040521
0.004044 0.031351
-0.072421 -0.044965
0.053902 -0.091624
0.040422 0.056678
0.018977 0.005949
0.054179 -0.051529
0.039490 -0.091853
0.035955 -0.045148
-0.018842 -0.006666
-0.060581 -0.004720
-0.064435 -0.110835
0.035792 0.033925
-0.109750 0.084149
0.097399 0.014441
-0.061935 0.013980
0.024099 -0.067679
0.021890 0.055791
0.013671 0.068183
0.113951 -0.128791
-0.117006 0.011817
-0.027147 0.064794
0.006417 0.043188
0.075408 0.113855
0.077118 0.028504
0.030572 0.002948
-0.012059 0.031069
0.066579 0.024442
-0.043213 -0.031270
-0.040402 0.041301
-0.035909 0.011918
-0.073634 0.014050
0.036854 0.039411
0.000543 0.103164
0.045673 0.089440
0.182694 0.087833
-0.055801 0.036541
0.043977 0.076938
0.041575 0.049291
0.070368 -0.002730
-0.048855 -0.085596
-0.018756 -0.008669
0.011679 0.042659
0.126567 -0.048465
0.015854 -0.079938
0.042695 0.064265
0.037898 0.025298
-0.065156 -0.050804
0.022190 -0.002979
0.008483 0.058631
0.038001 0.058461
0.000000 0.000000
0.000000 0.000000
0.000000 0.000000
0.000000 0.000000
0.000000 0.000000
0.000000 0.000000
0.000000 0.000000
0.000000 0.000000
0.000000 0.000000
0.000000 0.000000
0.000000 0.000000
0.000000 0.000000
0.000000 0.000000
0.000000 0.000000
0.000000 0.000000
0.000000 0.000000
0.000000 0.000000
0.000000 0.000000
0.000000 0.000000
0.000000 0.000000
0.000000 0.000000
0.000000 0.000000
0.000000 0.000000
0.000000 0.000000
0.000000 0.000000
0.000000 0.000000
0.000000 0.000000
0.000000 0.000000
0.000000 0.000000
0.000000 0.000000
0.000000 0.000000
0.000000 0.000000
0.000000 0.000000
0.000000 0.000000
0.000000 0.000000
0.000000 0.000000
0.000000 0.000000
0.000000 0.000000
0.000000 0.000000
0.000000 0.000000
0.000000 0.000000
0.000000 0.000000
0.000000 0.000000
0.000000 0.000000
0.000000 0.000000
0.000000 0.000000
0.000000 0.000000
0.000000 0.000000
0.000000 0.000000
0.000000 0.000000
0.000000 0.000000
0.000000 0.000000
0.000000 0.000000
0.000000 0.000000
0.000000 0.000000
0.000000 0.000000
0.000000 0.000000
0.000000 0.000000
0.000000 0.000000
0.000000 0.000000
0.000000 0.000000
0.000000 0.000000
0.000000 0.000000
0.000000 0.000000
0.000000 0.000000
0.000000 0.000000
0.000000 0.000000
0.000000 0.000000
0.000000 0.000000
0.000000 0.000000
0.000000 0.000000
0.000000 0.000000
0.000000 0.000000
0.000000 0.000000
0.000000 0.000000
0.000000 0.000000
0.000000 0.000000
0.000000 0.000000
0.000000 0.000000
0.000000 0.000000
0.000000 0.000000
0.000000 0.000000
0.000000 0.000000
0.000000 0.000000
0.000000 0.000000
0.000000 0.000000
0.000000 0.000000
0.000000 0.000000
0.000000 0.000000
0.000000 0.000000
0.000000 0.000000
0.000000 0.000000
0.000000 0.000000
0.000000 0.000000
0.000000 0.000000
0.000000 0.000000
0.000000 0.000000
0.000000 0.000000
0.000000 0.000000
0.000000 0.000000
0.000000 0.000000
0.000000 0.000000
0.000000 0.000000
0.000000 0.000000
0.000000 0.000000
0.000000 0.000000
0.000000 0.000000
0.000000 0.000000
0.000000 0.000000
0.000000 0.000000
0.000000 0.000000
0.000000 0.000000
0.000000 0.000000
0.000000 0.000000
0.000000 0.000000
0.000000 0.000000
0.000000 0.000000
0.000000 0.000000
0.000000 0.000000
0.000000 0.000000
0.000000 0.000000
0.000000 0.000000
0.000000 0.000000
0.000000 0.000000
0.000000 0.000000
0.000000 0.000000
0.000000 0.000000
0.000000 0.000000
0.000000 0.000000
0.000000 0.000000
0.000000 0.000000
0.000000 0.000000
0.000000 0.000000
0.000000 0.000000
0.000000 0.000000
0.000000 0.000000
0.000000 0.000000
0.000000 0.000000
0.000000 0.000000
0.000000 0.000000
0.000000 0.000000
0.000000 0.000000
0.000000 0.000000
0.000000 0.000000
0.000000 0.000000
0.000000 0.000000
0.000000 0.000000
0.000000 0.000000
0.000000 0.000000
0.000000 0.000000
0.000000 0.000000
0.000000 0.000000
0.000000 0.000000
0.000000 0.000000
0.000000 0.000000
0.000000 0.000000
0.000000 0.000000
0.000000 0.000000
0.000000 0.000000
0.000000 0.000000
0.000000 0.000000
0.000000 0.000000
0.000000 0.000000
0.000000 0.000000
0.000000 0.000000
0.000000 0.000000
0.000000 0.000000
0.000000 0.000000
0.000000 0.000000
0.000000 0.000000
0.000000 0.000000
0.000000 0.000000
0.000000 0.000000
0.000000 0.000000
0.000000 0.000000
0.000000 0.000000
0.000000 0.000000
0.000000 0.000000
0.000000 0.000000
0.000000 0.000000
0.000000 0.000000
0.000000 0.000000
0.000000 0.000000
0.000000 0.000000
0.000000 0.000000
0.000000 0.000000
0.000000 0.000000
0.000000 0.000000
0.000000 0.000000
0.000000 0.000000
0.000000 0.000000
0.000000 0.000000
0.000000 0.000000
0.000000 0.000000
0.000000 0.000000
0.000000 0.000000
0.000000 0.000000
0.000000 0.000000
0.000000 0.000000
0.000000 0.000000
0.000000 0.000000
0.000000 0.000000
0.000000 0.000000
0.000000 0.000000
0.000000 0.000000
0.000000 0.000000
0.000000 0.000000
0.000000 0.000000
0.000000 0.000000
0.000000 0.000000
0.000000 0.000000
0.000000 0.000000
0.000000 0.000000
0.000000 0.000000
0.000000 0.000000
0.000000 0.000000
0.000000 0.000000
0.000000 0.000000
0.000000 0.000000
0.000000 0.000000
0.000000 0.000000
0.000000 0.000000
0.000000 0.000000
0.000000 0.000000
0.000000 0.000000
0.000000 0.000000
0.000000 0.000000
0.000000 0.000000
0.000000 0.000000
0.000000 0.000000
0.000000 0.000000
0.000000 0.000000
0.000000 0.000000
0.000000 0.000000
0.000000 0.000000
0.000000 0.000000
0.000000 0.000000
0.000000 0.000000
0.000000 0.000000
0.000000 0.000000
0.000000 0.000000
0.000000 0.000000
0.000000 0.000000
0.000000 0.000000
0.000000 0.000000
0.000000 0.000000
0.000000 0.000000
0.000000 0.000000
0.000000 0.000000
0.000000 0.000000
0.000000 0.000000
0.000000 0.000000
0.000000 0.000000
0.000000 0.000000
0.000000 0.000000
0.000000 0.000000
0.000000 0.000000
0.000000 0.000000
0.000000 0.000000
0.000000 0.000000
0.000000 0.000000
0.000000 0.000000
0.000000 0.000000
0.000000 0.000000
0.000000 0.000000
0.000000 0.000000
0.000000 0.000000
0.000000 0.000000
0.000000 0.000000
0.000000 0.000000
0.000000 0.000000
0.000000 0.000000
0.000000 0.000000
0.000000 0.000000
0.000000 0.000000
0.000000 0.000000
0.000000 0.000000
0.000000 0.000000
0.000000 0.000000
0.000000 0.000000
0.000000 0.000000
0.000000 0.000000
0.000000 0.000000
0.000000 0.000000
0.000000 0.000000
0.000000 0.000000
0.000000 0.000000
0.000000 0.000000
0.000000 0.000000
0.000000 0.000000
0.000000 0.000000
0.000000 0.000000
0.000000 0.000000
0.000000 0.000000
0.000000 0.000000
0.000000 0.000000
0.000000 0.000000
0.000000 0.000000
0.000000 0.000000
0.000000 0.000000
0.000000 0.000000
0.000000 0.000000
0.000000 0.000000
0.000000 0.000000
0.000000 0.000000
0.000000 0.000000
0.000000 0.000000
0.000000 0.000000
0.000000 0.000000
0.000000 0.000000
0.000000 0.000000
0.000000 0.000000
0.000000 0.000000
0.000000 0.000000
0.000000 0.000000
0.000000 0.000000
0.000000 0.000000
0.000000 0.000000
0.000000 0.000000
0.000000 0.000000
0.000000 0.000000
0.000000 0.000000
