double ml_sched_l2_dense_weights[16][16] = {
    {
        -0.106671, -0.501485, -0.0416245, 0.317831, 0.00783158, 0.00550052, 0.298433, 0.0936167, -0.361887, 0.264617, -0.0607172, 0.20997, -0.2738, 0.132992, 0.130153, 0.0875211
    }, 
    {
        0.287136, 0.114842, -0.0172593, 0.310135, -0.0513681, -0.0239404, -0.00299929, -0.0221733, 0.290794, 0.107843, 0.007818, 0.022589, 0.30452, 0.114146, -0.0415143, -0.106406
    }, 
    {
        0.204906, 0.33316, -0.0143254, -0.227152, -0.052712, 0.00466006, 0.0048937, 0.133639, 0.212149, -0.110462, -0.000556994, -0.114082, 0.00490279, 0.0177193, 0.0805408, 0.385893
    }, 
    {
        -0.267461, -0.350486, 0.0224653, 0.516796, -0.0200078, 0.0233227, -0.215342, -0.154914, -0.403481, -0.102599, -0.0302405, 0.504303, 0.292682, -0.137992, -0.0692673, -0.286985
    }, 
    {
        -0.093489, 0.0435043, -0.0604959, 0.0142545, -0.0124717, -0.0478648, -0.084329, 0.0118917, -0.0230827, 0.0969707, -0.0441126, 0.0665445, 0.424435, 0.0392136, 0.111946, -0.121483
    }, 
    {
        0.00943243, 0.0180762, 0.024884, -0.0325082, -0.0321595, 0.00265469, 0.0279344, 0.00676962, -0.0193672, -0.0229996, -0.017778, -0.000905781, 0.0464315, 0.0125903, -0.0166009, 0.00236504
    }, 
    {
        0.63907, 0.120323, -0.0332539, -0.12766, 0.0339409, -0.0431423, 0.30236, -0.0483282, 0.440877, 0.0971173, -0.0369932, -0.0613933, -0.323266, 0.171713, -0.127011, 1.2396
    }, 
    {
        -0.0478999, 0.311032, -0.0486407, -0.0629722, -0.0346669, 0.0417223, 0.0612374, -0.155601, -0.0495221, 0.199542, -0.0363417, -0.238271, 0.0671416, 0.149729, -0.339156, 0.150685
    }, 
    {
        0.0456885, 0.447882, 0.0226325, -0.164448, -0.0271133, 0.0204376, -0.0236205, 0.0378589, 0.0941511, -0.0412701, -0.0323901, -0.104736, 0.268588, 0.00358207, -0.00155168, 0.0354342
    }, 
    {
        -0.0215768, -0.057305, 0.00985849, -0.00338307, 0.0398926, -0.0229032, -0.0525219, -0.00650031, 0.0534464, 0.0184219, -0.0372562, 0.0059722, 0.0295726, 0.0399524, 0.0430051, -0.0127281
    }, 
    {
        0.00155213, 0.0168955, 0.0211534, -0.0364289, -0.0119978, 0.0185648, 0.00806788, -0.0267442, 0.0448635, -0.0383837, 0.048912, 0.00606649, -0.037163, -0.011147, 0.0519354, 0.0217657
    }, 
    {
        0.0495109, -0.277255, -0.0659236, 0.362283, -0.00400488, -0.010092, 0.400592, -0.117093, -0.0964575, 0.412624, 0.00241303, 0.190342, -0.0884913, 0.103678, 0.00117848, 0.0599795
    }, 
    {
        0.0135852, -0.0579718, -0.0252652, 0.0313498, -0.0125282, -0.0246346, -0.235289, 0.174054, -0.0105783, -0.454007, -0.0400457, 0.166523, 0.0703408, -0.631297, 0.251089, -0.071212
    }, 
    {
        -0.188793, 0.0312982, -0.0255965, -0.0475385, 0.00872731, -0.0257732, 0.146813, 0.0840356, -0.216207, -0.125332, -0.0359286, -0.0166214, -0.0633734, 0.176743, -0.017944, 0.56887
    }, 
    {
        0.200769, -0.132987, 0.00518813, 0.165884, -0.0390297, -0.0438415, -0.0474317, 0.209086, 0.116461, -0.223806, 0.0070151, 0.266434, -0.0596675, -0.42831, 0.310254, 0.011113
    }, 
    {
        0.812708, -0.0452, -0.0497483, 0.0835375, -0.0459219, -0.0490652, 0.29555, 0.0322086, 0.588344, 0.187552, -0.00282102, 0.0635521, -0.214853, 0.142983, -0.0031583, 0.848616
    }
};