double ml_sched_l1_dense_weights[16][16] = {
    {
        -0.053368, 0.151647, 0.0166897, 0.101998, 0.175895, -0.0346377, -0.032943, 0.108841, 0.110738, 0.00152191, -0.0481887, 0.0723552, -0.0619704, 0.127495, -0.0446971, 0.0230997
    }, 
    {
        0.14004, 0.892143, -0.566404, 0.237344, 0.666052, -0.0286575, 0.105809, 0.867184, -0.226244, 0.0217325, -0.0147241, 0.388898, -0.874209, -0.151639, -0.755724, 0.100431
    }, 
    {
        -0.079446, -0.162364, 0.00450776, 0.0941723, -0.0193649, -0.0413285, -0.00349628, -0.172977, 0.00421255, -0.0618678, 0.000200754, -0.0669238, 0.15416, 0.0406866, -0.000476765, -0.0621914
    }, 
    {
        0.00826948, 0.177412, 0.0761485, 0.180107, 0.12714, -0.0138212, -0.0322229, 0.0249591, -0.0462398, -0.0304711, 0.00727897, 0.143903, -0.132421, -0.230884, -0.0567289, 0.125312
    }, 
    {
        0.143415, 0.46349, 0.287256, -0.0969351, 0.153429, -0.00559093, 0.277262, 0.0345812, 0.144514, -0.0990205, -0.0480345, 0.0695972, 0.108405, 0.207677, 0.135454, 0.442826
    }, 
    {
        0.589027, 0.136217, -0.290752, -0.164197, -0.32432, -0.0468645, -0.199938, -0.0120326, -0.392471, -0.0211328, -0.0436012, 0.554491, 0.298524, -0.273148, 0.449475, 0.533424
    }, 
    {
        -0.0744042, 0.891364, -0.0566931, 0.136063, 0.189732, 0.00903183, -0.255996, -0.123531, 0.0671219, -0.0113883, 0.0335257, -0.126701, 0.0653877, -0.941347, 0.078658, 0.107766
    }, 
    {
        -0.0241938, 0.0900006, 0.0409002, 0.0390558, 0.190855, -0.0202592, 0.0395837, 0.277659, 0.18225, -0.019114, 0.0443414, 0.138721, -0.233374, 0.110056, -0.231178, -0.0508869
    }, 
    {
        0.97117, -0.296445, -0.755644, 0.776027, -0.44631, 0.00536623, -0.766779, -0.782551, -1.00707, -0.0280507, -0.0068097, 0.834333, 1.10411, -0.492714, 1.10052, 0.29397
    }, 
    {
        0.0152898, 0.0525275, -0.105548, 0.253733, 0.363744, -0.0168602, -0.100651, -0.0751418, -0.118363, -0.0473684, -0.0192447, -0.0242153, 0.058063, 0.0528953, -0.0491042, -0.197153
    }, 
    {
        0.0723469, 0.0262108, -0.146648, -0.112767, 0.166541, -0.00442219, 0.0179226, -0.0849876, -0.101207, 0.0300933, -0.0361428, 0.120746, 0.155139, 0.119536, 0.0621767, 0.0239156
    }, 
    {
        0.0389336, 0.0596675, 0.129345, -0.0537198, -0.0291727, -0.0295345, -0.028193, -0.223611, 0.0412035, -0.0641921, -0.0595056, -0.000384109, 0.268929, 0.0346106, 0.110242, 0.099671
    }, 
    {
        0.124755, 0.190441, 0.464738, -0.664367, -0.0667228, -0.0570148, 0.387982, 0.121857, 0.134196, -0.0863635, -0.021882, 0.162253, -0.0764922, 0.0598531, 0.121885, 0.551157
    }, 
    {
        -0.291942, 0.116189, 0.0939815, 0.116691, 0.0525352, 0.0193838, 0.00262801, 0.0268885, 0.0922065, -0.0403287, -0.0536993, -0.0924224, 0.0268488, 0.0437488, 0.0597422, 0.00959022
    }, 
    {
        -0.392703, -0.100616, 0.206953, -0.00128732, 0.056072, 0.00692061, 0.059356, 0.0057626, 0.253539, -0.053465, -0.0535792, -0.383506, 0.120455, -0.0158607, 0.0829683, -0.0890793
    }, 
    {
        -0.037631, -0.0455008, 0.0707207, 0.0879725, 0.0114857, -0.0396045, -0.0551961, -0.417032, 0.0858363, -0.0590593, 0.013915, -0.0395153, 0.284115, 0.0152118, 0.0943845, 0.0344423
    }
};